1426
1950
6470
6486
7481
1957
7418
1082
3328
3997
180
3682
1069
7014
94
2502
1935
5656
2176
6073
3132
6238
4272
6925
1902
1507
6067
1068
7594
6755
2847
5947
7236
5035
2330
3823
5664
3052
7329
240
7823
5217
4094
1425
858
4058
7197
6933
7682
3459
5006
6832
263
7500
4656
6400
6080
1629
4248
1402
785
3310
729
1464
3448
3918
2784
1538
2897
5197
3673
4811
6046
7283
4972
7510
4386
5268
2120
2166
3803
2793
5486
3138
1789
7783
2925
2666
6671
3706
362
573
173
1383
4848
106
3333
1377
5385
6882
787
3146
1185
3319
6398
4783
3871
7836
3704
3129
1833
2184
2056
5040
854
1854
6566
4478
5539
6705
4150
3836
1940
3840
3478
6692
1018
7221
5288
3034
381
7287
4699
7841
7467
1783
380
4048
6944
800
3441
5640
2072
5014
3101
703
6191
4224
1482
4082
2956
7673
2700
2029
2433
5404
319
5521
763
3900
5981
2671
5442
3718
2791
1371
334
3123
1001
6917
5485
5505
5363
1124
4118
3237
6327
676
6504
4823
5228
5853
7201
4032
4080
2640
6300
7825
256
4763
3268
7325
4607
3675
3263
5808
759
3152
5461
3888
4413
6734
2981
7196
548
6434
1658
581
6239
2817
1432
3404
6381
5372
6779
3805
7339
458
2954
1290
5515
2385
188
3434
4358
751
237
3686
2160
6103
7556
3087
3334
813
6861
4106
866
13
4810
5641
4612
2302
2525
2467
6590
3793
5690
4767
2575
1145
3235
3445
1127
726
2844
2215
506
7558
1061
6983
6556
807
6941
5819
5450
3170
5573
2227
630
7183
7514
7579
2948
273
1502
3877
6015
2538
5038
4654
4650
569
5370
616
1455
5355
2665
3258
7464
684
2247
7187
2267
2073
329
4707
546
3640
7693
2579
4084
5029
4446
3480
906
6303
3546
6637
552
5265
6214
48
494
5744
6340
6235
850
4916
7511
1700
4051
3589
7624
1481
2003
6824
3919
1549
533
5200
3497
7635
127
1211
5399
7714
2571
1182
2277
4781
7732
7040
4505
622
6055
6760
157
5383
1514
6756
3764
387
706
2151
2693
4680
4219
5497
4833
3113
1931
542
4186
5392
7676
7629
5305
2517
2051
7547
7496
6543
5253
4009
7411
3892
4528
6316
2592
5045
2067
3378
2381
1285
6182
4510
2111
3490
6029
3155
7157
4935
5469
2319
797
1915
3496
4963
3438
1679
6771
4076
7750
4789
4688
6161
923
5806
3107
1542
5551
6585
4508
742
692
290
5884
4841
4483
5419
3757
3231
2713
1156
7046
3752
3627
388
7735
2419
1293
3872
1483
1428
5041
5873
2293
3415
3560
7076
2091
313
7680
7048
5545
1451
7075
6292
3147
6923
7155
6318
2963
527
5320
3531
5792
5712
3981
2752
7661
710
5693
5016
2810
4269
7837
6027
7729
4677
6260
1933
942
2322
2821
1639
3657
4243
4886
7260
5904
5866
1053
6071
2574
3301
4977
4417
3846
1843
1059
7793
5875
3276
1348
6187
4471
3045
5749
7326
3596
3455
5911
7761
3646
158
3246
4819
6172
5548
5031
4594
4133
508
6901
2992
1242
1380
5789
2275
4692
7785
2359
3419
4603
1553
6062
7166
6475
340
7199
648
5632
802
1641
3063
5341
5604
2769
5139
7180
1954
1196
5960
2169
4668
4112
3958
2399
6645
7217
3662
7034
466
303
2498
3720
5921
4481
777
5721
4568
2616
4101
7279
4705
6050
4125
5239
1535
5979
1589
4522
836
239
7507
1878
3541
1583
3623
4154
1198
591
7663
4832
1412
2829
6825
7087
1443
3135
2009
2022
3066
5695
1120
695
2804
1667
3904
5491
7666
7453
6555
4275
3896
1131
3754
6921
2958
4400
2325
4461
7295
4060
2238
997
3693
7586
2795
1071
3809
2972
5535
5088
2727
2930
7577
1633
2279
2021
2512
3229
3308
2266
2195
3985
5914
6786
7697
568
5770
2394
2604
4485
5863
5869
5004
4077
6600
5753
2403
4057
2049
332
5532
426
555
4891
4742
4412
6428
1138
5474
5683
2488
4928
4381
2298
682
7768
1657
6127
5000
5731
2560
2632
1030
4213
2704
4205
2170
3680
771
1038
1364
4665
6273
1635
5620
5894
6959
7650
1776
1320
772
6263
3525
4698
3550
4579
6097
6283
7178
1014
7476
6351
371
7802
5755
6988
1989
315
5937
2798
4457
6808
4964
3266
6903
713
4981
5665
6887
2313
1345
7131
7252
4285
4387
2104
6816
645
6436
2038
7204
1907
5864
4685
5511
4428
1939
3214
2931
6870
2208
2720
4265
5439
230
1421
3539
2458
4074
7689
2790
2876
3484
25
2045
4548
7590
0
211
6730
1730
6670
2229
1187
3154
520
189
5871
1139
3976
213
7492
351
3509
251
5809
4061
3747
5033
625
3031
413
4053
3384
1804
5933
5002
3735
149
4005
4208
5606
5309
7103
1264
6805
2736
5105
5124
7306
7613
4574
4578
3676
7542
7734
5893
6101
7709
3029
5639
2676
5828
5514
1374
1045
1410
6759
448
1665
5430
3653
5876
6000
5434
1662
3901
4196
4302
4402
6572
1208
1531
2731
1727
5100
5454
3153
5855
430
5509
2309
1868
476
5193
6090
5153
612
2025
5110
1188
3783
4573
5394
2249
3711
5698
1794
4349
2569
3582
5348
4992
5466
4966
3336
7677
7790
1007
2862
57
7355
2813
425
3410
1503
3845
3511
46
3753
3551
6906
250
6370
2880
5943
3532
7012
7124
5657
5600
4712
5902
6005
308
6699
2183
4536
3018
2860
6853
2711
4751
7623
2515
4319
3975
4449
6346
6532
5916
5852
756
1672
1091
550
20
1210
4951
2797
7818
5881
728
2006
7603
1626
3743
864
2351
5952
2270
4403
7006
6989
809
346
6769
6353
1089
6132
3190
5810
6457
5841
6490
3277
5671
1271
3466
222
8
3015
4679
3002
7324
2796
4329
5724
3413
3476
2580
3181
5502
4025
415
3969
3076
278
543
5926
5026
4259
394
814
2705
7662
2147
7150
7214
2668
6352
4577
7521
11
1143
2288
6345
1017
55
512
2942
282
3351
5804
1415
477
4702
5915
7174
6596
936
565
5692
7077
1079
7230
461
2133
1321
5333
172
2182
737
5411
7463
4635
5478
1087
3882
1437
5959
5142
3865
3996
6330
6583
1972
5861
5836
4590
5361
4689
7667
4062
234
7027
502
5633
7153
5218
300
7820
6772
6288
1318
7237
36
7396
2660
3084
6078
789
7573
2460
7647
4945
3939
2396
7061
661
3982
7502
2771
7391
4063
4445
7858
1249
5927
2907
3825
714
474
5961
2161
82
3794
7776
6047
6375
553
6215
3775
3819
384
827
3288
6516
3526
6701
867
3244
5750
1689
5147
4625
3469
6641
7798
3371
1179
5325
3203
2030
602
6546
7265
2139
6630
2193
744
3595
2953
2555
5739
3911
2252
2853
6552
4651
2203
2353
2367
5107
5557
7195
2347
4788
6277
811
5177
2357
3067
862
1965
1439
6513
3600
7674
5659
7160
2095
7856
56
5149
2157
4876
5811
73
3286
5743
7091
1129
5432
6839
257
3216
3257
6147
3252
2937
51
2852
4212
6218
656
3495
6087
1488
5763
4973
3650
7305
5524
6425
1032
6341
2014
2255
4078
5280
4866
4095
5623
6809
7821
2348
5519
7415
1655
1785
937
2093
4867
4343
4714
1810
163
4780
2874
1054
6751
2484
6232
3847
7133
6737
133
5736
2256
1555
2221
2868
6855
2734
4593
1568
3977
252
5542
3544
5207
3126
1458
4292
6448
6815
3197
672
3426
7806
3830
4858
4073
7211
2883
6826
3714
3945
294
7125
5493
5252
2336
6157
5055
4598
5211
3494
7099
4715
2780
2068
5591
5095
2220
276
1764
17
4178
4621
3966
187
3621
4805
5558
6955
7225
496
679
37
6229
4222
2651
3930
2273
2386
1864
3744
409
1580
5130
5283
1697
1782
6726
6028
4655
6956
2597
3222
1281
752
417
2008
664
7186
6164
6195
196
6174
6272
6185
5298
5989
6481
6358
4172
5817
4326
1744
6462
7352
2027
2838
7394
3290
7420
435
2866
4901
6366
4217
370
1556
1861
5534
6265
3425
4988
4323
3756
2629
7130
457
333
6483
4946
3124
3259
5300
4183
1971
5662
3172
3081
5254
161
4406
7148
5332
2423
3504
7707
1539
2537
1444
1823
2316
4282
1169
1896
6488
4947
6109
7173
1057
1798
4822
525
7450
4543
3927
4171
2380
7146
7029
1631
2926
5607
2669
642
3003
1153
2138
2871
6471
817
1212
6354
1936
66
631
3149
3456
3652
122
3571
7612
7756
2922
6680
3447
6038
1615
5299
2916
3588
6936
3089
1023
3733
3604
1308
7774
739
6846
1163
6036
3446
3211
7713
259
1550
803
1369
3789
4252
7524
80
2114
5737
2563
1423
3795
7149
3529
349
6017
3738
3009
1759
4075
6173
5890
7109
45
2664
5930
7638
7851
6873
6802
2321
2630
5803
6063
5802
4470
592
659
6603
4535
3239
4363
6872
4741
4393
6972
4727
5872
2047
4873
1429
749
7114
7807
4123
1620
7494
4313
1084
7838
2918
4895
3885
3678
1901
6122
2310
1898
6986
7805
7777
4227
6928
6693
593
4501
4019
1997
7690
28
2244
7215
6016
5791
7653
5395
5112
4570
2149
68
1238
712
6012
4534
5445
4697
4718
5713
6501
6211
5807
2050
4857
4437
5148
5492
6506
6818
5255
4148
6142
2941
5773
5918
5224
4861
3594
3655
7007
6664
5208
3285
6957
1170
2965
968
2412
6266
5857
5022
2107
4889
4191
6799
3815
6079
4096
3068
6565
3401
4722
4585
1953
5580
2080
6954
5387
7361
2013
4694
599
3099
1497
5733
547
774
7428
2539
4970
3628
2439
7028
6433
7317
932
2162
4985
6389
4530
54
3796
1399
7850
3660
4378
1453
5223
1027
6184
4013
7814
5676
4932
7321
4388
3637
4641
2443
1753
4933
4210
5108
4066
7479
6394
1406
286
4385
6790
4362
1239
6420
3292
299
5582
4669
3820
4526
6650
4216
1570
7069
5782
3166
4198
7446
635
316
1661
6967
1298
2454
205
5199
1793
1075
83
5653
7550
2057
855
3889
5090
2642
5321
3053
1227
6156
1600
680
5790
5429
2452
6183
4956
6059
1777
7303
6297
5423
549
6045
2401
7072
4504
604
3010
2573
7167
6485
81
3728
6554
21
3226
4177
1817
6533
5021
5484
6881
5680
5992
873
5262
6401
5184
5966
4188
2390
4871
3807
674
6444
3554
5704
3118
566
1261
1491
2814
5732
5694
4164
5258
6402
5494
4507
4809
4588
7247
5603
5415
7202
5718
4029
2681
5523
2879
1952
7469
4142
7443
107
2894
3420
4237
859
1056
7487
1382
6706
5447
6069
1323
530
6390
590
1168
2733
1755
6023
7189
7509
538
5422
5093
1592
5488
5246
116
1072
5588
361
1477
6527
5169
1397
6039
5353
2400
6878
1840
2815
6299
3326
5892
4622
3342
3058
5878
3727
2984
4678
1158
7104
3658
3667
3287
5367
3363
513
1287
3951
7686
7855
7401
1147
7602
3057
638
6752
2514
1575
7205
3808
4648
595
2368
440
5544
156
4218
1709
1855
375
5364
7259
4600
2613
1255
197
6226
2124
4249
3989
5774
875
3165
7434
5971
6795
6865
6586
6838
3256
6291
4987
6643
5616
2599
6681
4595
671
1835
2369
7243
1750
670
3011
5284
2602
6024
179
6343
6026
6622
7147
3223
7051
3238
652
629
3422
4731
1593
473
757
6709
1359
5579
3186
1648
7456
755
2531
7649
7753
2855
3716
790
1411
3506
78
111
4034
4263
3725
3784
5597
2280
3304
7639
4798
4730
170
182
5794
6567
2066
1787
7630
1871
2389
7497
7356
651
3824
7530
5842
2861
4166
3853
6007
4043
6382
5849
2332
6159
4012
1108
6118
2974
1685
3592
4586
7405
1476
4068
1365
5083
1529
7637
7480
4136
6112
4365
4614
63
3390
2688
720
6085
3461
3786
4131
1877
6034
3060
1541
3995
4180
422
6066
6539
6531
7338
6965
4159
7541
2269
2702
3848
7433
5487
6794
3221
190
2945
4262
2041
5216
2549
758
6053
511
7640
2234
7192
7522
957
5797
5071
7054
5552
841
2490
6793
2366
722
4565
2799
5823
2376
1111
3348
6410
4147
7748
1519
7553
3922
4055
1890
3162
735
6593
328
6190
2996
665
3929
2222
1513
4862
6447
5186
7819
7319
5042
3739
4359
3722
2339
4965
3250
6849
378
7208
746
185
216
1656
1681
7675
1396
3157
1582
5559
2983
1244
2303
5556
617
3835
5054
6244
6930
2201
7462
4617
1430
2085
7341
4888
2297
5858
3204
5157
2395
2980
5700
5618
2546
4452
6247
6077
360
4232
1467
2643
2743
2627
7767
297
4732
5141
519
7652
1532
5473
1339
5373
4934
3527
5889
1976
4774
2127
5238
6840
6780
5590
2854
3790
6468
4244
7817
4979
6587
414
2661
2410
4912
4533
5310
1978
4264
7346
6051
5144
3134
3005
5745
7700
1389
5822
1816
6960
5084
2787
2453
5974
4479
5072
5154
2577
6765
2078
2792
6115
4995
1403
6408
4914
1317
3839
6460
6246
6430
7026
3538
4439
715
2682
6973
4410
6985
5338
1696
3731
4069
2090
1521
7190
1035
2340
1842
6981
4893
5528
3044
6102
796
4046
1436
1838
6131
3022
5409
1523
2272
4602
3393
2542
5768
1595
4903
4110
3299
1860
808
770
801
2933
5709
7102
6595
4308
2913
5722
567
4122
1221
1956
2719
3636
6764
4468
2554
6217
424
1090
6969
6741
4553
995
1419
5289
3832
7608
1454
5393
5406
1328
7112
1920
1903
1333
3737
575
4276
5034
1104
4785
1676
5106
764
3575
5342
4664
955
686
3915
516
2483
2262
1916
2561
950
2917
2406
794
7490
6197
7671
773
64
4852
7574
5585
3850
3178
6385
1726
169
4384
3352
7284
7309
4469
3909
6525
6884
5940
2740
5109
5456
7161
1746
2670
5052
7835
1379
3453
7298
5537
6774
5366
3042
7831
1311
6943
7033
215
697
1862
1795
7008
6978
1649
1184
6661
693
3574
7358
1125
3536
2819
7720
5846
2384
1472
3338
4944
5360
7424
5379
6640
2064
5674
7427
4039
761
7039
4311
1796
34
2407
283
5092
23
1839
2824
6033
1381
3313
767
6888
5647
7665
2144
6480
6289
6717
2991
6690
5381
2521
5405
677
5050
1009
6926
4582
4415
6746
1021
3681
6810
6129
3761
7765
4562
1133
1176
3450
195
6196
7381
4070
2134
1558
7235
3324
7687
1884
1771
7485
3570
4591
281
5983
4762
1223
7651
6948
7702
5621
6722
2776
60
5248
5567
1109
3540
4355
1637
1034
2448
7445
7566
5691
1917
3398
171
1463
7620
15
6243
2508
4223
6659
934
2637
1228
3358
1401
3275
4184
1286
4875
2361
395
3869
2362
2462
711
6240
2364
545
3167
4918
6228
385
2000
7483
3423
7636
4683
2168
845
1543
833
5963
5260
7207
3890
2422
135
898
7135
7764
420
5705
3098
9
4488
121
5463
1995
1162
2649
5776
7425
7271
61
6224
7089
4267
7544
1407
5503
2079
5483
3515
5636
1518
3617
456
3379
2851
6642
4836
4284
2998
2402
445
4455
3027
1106
6638
3905
7364
1606
6935
5785
1387
6570
2480
7233
5948
102
5740
6992
4312
5318
2648
504
368
1505
3972
2152
95
7278
2831
623
5295
717
6042
2360
783
3209
5078
2188
2864
5209
1199
4293
3864
6707
1173
4318
1934
3514
503
7024
5121
3736
4691
392
860
3212
7058
662
2159
6975
2803
7001
3241
1617
110
2388
3409
5086
7035
1578
1343
3051
2274
2061
7736
2429
1945
2598
7747
210
400
5068
1384
5686
5775
3641
6323
1737
6976
2842
6687
4440
709
267
7360
7413
5895
3142
2177
6308
2636
3713
1911
3726
3240
3935
5277
4884
5924
6550
7328
7203
3505
5781
2830
3131
1821
4619
2541
5362
4348
4675
3294
98
4108
7082
5619
2684
101
6767
6082
2962
4984
6216
2287
621
3715
1845
788
2513
7473
1267
1536
7795
3365
1465
6350
3778
5060
4185
1222
2352
245
7096
4706
2112
177
2572
1268
6359
7318
2993
1758
4749
4756
6580
6653
3370
6904
4747
7746
343
2146
84
2692
7658
5751
1177
5925
7716
1175
2811
2890
5993
1895
2899
5025
3674
2908
5189
7657
3940
6987
7828
7722
264
2845
3069
1216
5629
2296
6910
2558
562
5801
4887
2753
7523
6655
403
2204
3340
2081
4331
393
2328
2459
5173
4787
3293
3928
5428
4771
5578
6710
5612
1493
6613
5762
2126
3734
6995
6551
611
6733
4460
7533
6403
4894
597
7416
5024
3601
7154
4475
6413
5581
3431
7290
4454
2889
72
2621
6237
4693
7063
5075
7537
5481
1324
3374
7588
1189
927
5771
2207
467
7384
509
6373
628
6426
4336
5051
5242
7323
1706
7272
6991
5761
1283
7593
3274
6601
1628
50
7741
3620
5065
825
3874
7438
4989
4546
3858
5936
1128
5270
1315
4924
4980
1352
2405
1012
3366
5957
2611
1441
3485
4181
7634
4299
5276
6636
3773
5562
1669
6604
5825
7737
3619
4786
7829
1824
3806
707
685
2128
6537
7570
118
7057
4687
5426
5688
632
5593
6862
5844
2639
1784
6317
2820
4761
7068
6143
2633
7715
2372
1498
2295
4814
7571
1272
3707
5725
5520
5941
7813
3355
2601
3035
7151
2465
3566
6084
352
4042
301
1820
3831
5845
1357
335
7347
798
5501
3965
2036
77
2729
5263
7370
1643
3699
2863
3990
4913
1875
6633
4797
6356
3128
3160
7060
2099
4919
1509
7308
1225
2760
3248
2955
2370
754
2663
1827
4023
6684
3590
7472
3518
6521
5613
5188
7576
2835
1990
5684
4371
1741
193
29
325
3854
589
5847
7791
271
5715
2503
2758
2315
965
970
4541
16
6949
5527
4156
7592
93
3283
7699
3758
1026
2205
3873
654
5910
6806
1616
5675
6702
7380
5682
1107
3841
4709
1356
1889
6310
7778
3887
3210
5327
7264
3184
6166
5738
2726
1634
5765
3416
4547
2754
5681
3583
5229
2192
3144
2180
2375
3327
2826
5048
1732
1705
6895
2567
3100
7276
1725
2545
5630
2446
3362
449
4240
5829
3388
1618
2475
3549
291
5391
4146
1500
6627
557
1427
7175
4333
146
7641
7379
688
1165
4086
5860
5513
7269
5005
6154
6298
5720
1202
337
2409
1400
2178
124
2697
6822
736
3971
2150
2982
1699
5464
3770
4380
596
4826
2848
1687
3199
4456
2055
7606
3717
2619
2576
3558
6439
1714
6150
6429
3159
3072
5851
4959
4898
6364
311
2450
1559
4729
5734
1013
4624
1548
4721
2358
4451
1431
2264
5066
4874
606
747
6891
2695
7177
5137
7609
2062
7435
7575
6256
5996
1694
1103
5742
4879
3643
6522
1985
7589
3564
3802
3491
3535
3993
3006
4300
7803
1078
2694
2966
5595
6914
7019
2674
7294
3049
3765
3215
580
4627
6885
7440
3642
3312
2522
3458
2765
4189
3411
1809
7242
6545
2479
1475
3082
5122
7297
353
2428
2308
3091
5019
994
221
5615
4347
1358
4149
5793
258
2709
132
7
4298
6674
820
1122
1391
3598
129
438
1826
2794
7095
5652
847
4049
1925
3701
2800
2618
1910
6210
5398
6136
2140
5389
2626
902
6977
3694
2921
7545
3112
6968
2689
3193
2191
7378
3386
6528
4812
4818
1076
5955
4392
4790
1599
5352
2489
3306
159
526
7468
6762
5285
7111
5655
2710
6598
2278
2404
3916
3572
6285
6584
4340
6860
5119
940
1708
626
407
6614
7644
7771
280
3880
2466
7800
6688
7711
5
2164
87
2570
3230
3036
6814
1245
4831
6378
342
2762
2520
4975
3578
7728
6510
4840
2481
5541
410
5204
3463
6996
117
3689
6582
3121
7362
5203
1747
6738
5212
2595
3437
2226
1552
7615
2292
5651
3937
228
7256
4716
1232
2807
3698
6803
7169
5164
3161
2416
7139
5627
5436
2317
5906
3626
358
5500
2282
4559
1404
1728
2763
2106
6833
4835
5954
6686
3471
2123
1893
2200
6386
1499
2606
6507
2048
981
5307
1677
4704
6922
2098
6030
484
815
5707
3751
877
3106
331
969
3433
3690
863
4890
6404
7164
4006
1752
4026
5909
5631
2706
5490
4370
1674
6315
1797
4634
3360
2263
5795
7597
4538
236
1967
3169
100
4682
3665
3755
6953
3130
6307
4081
2679
2031
7137
2721
2442
5813
1155
1471
321
4173
3396
5241
5272
4497
5944
2947
5920
6718
1424
5877
6363
6841
5899
741
6897
5465
4432
6830
3625
6177
5132
2421
1841
3615
1015
7340
2478
6875
5329
897
578
1347
232
2818
1688
3189
2434
7171
3383
501
2305
1233
1060
33
7267
1367
7263
2243
666
2312
1847
2534
4421
3740
5908
7293
3083
4996
5161
1946
4200
2594
7758
3115
6743
2257
7226
3561
3406
5886
537
5608
490
5459
7788
2898
5044
2345
3788
4206
6258
7560
6133
5103
6233
5294
1236
5589
1020
881
5453
3534
4752
7094
3565
1101
120
6744
3201
7833
7578
5827
432
4064
1019
1561
1885
3760
4144
2510
7288
2087
2816
201
7610
700
4864
7794
3451
6750
4917
2194
1115
5576
6301
3073
5046
5180
2891
5015
6812
544
4794
3908
1214
2283
355
4844
1446
2858
7642
5319
6355
5645
2756
1941
3399
1479
4024
7431
6451
3683
1118
3522
465
85
7373
2492
6076
4345
5222
500
4615
7031
7484
2210
7013
2414
1811
2397
207
1876
5191
2023
144
2691
443
5987
7669
5658
1033
5594
5538
1349
7412
4795
4828
3520
4949
3350
5304
2237
6899
5516
6396
2939
5278
7486
2289
7333
4976
1157
1395
4758
7465
1192
7312
4554
4645
4436
4107
5498
6727
3486
872
4511
6336
535
5047
1417
7501
1130
2968
5003
5787
1442
517
2165
6339
4967
842
4509
5626
1712
7670
4398
2501
7718
3644
1597
3442
2951
2377
1624
3932
6523
7400
5778
574
3508
4563
7461
4991
1924
2936
363
3933
839
7239
4160
1760
6220
5798
6286
1024
5412
1489
6137
212
6999
716
6270
4117
3372
7105
5152
4503
5314
930
3055
7727
7258
2634
5991
6068
5565
198
7859
6461
5104
3487
3218
4052
1460
6180
6469
3907
2211
5938
6876
2291
1680
5531
2524
339
5192
1805
5074
1668
5301
2223
640
4552
3344
2833
4017
4342
4922
5834
1275
5635
5617
5140
2608
7782
3543
1557
743
823
2755
3234
7313
5482
4717
5977
1919
5076
2088
43
306
6489
6495
2005
5758
3264
7101
7554
2290
1621
6535
3311
3233
6592
2071
2516
1653
6044
4540
7648
5874
2225
1964
889
2585
609
6499
4256
6675
3638
1433
5134
4567
2893
4477
6869
2261
1362
7582
3297
5390
5496
740
4116
6152
7457
22
6376
7286
411
7241
2885
560
6691
948
1870
5315
4821
7032
5058
5407
7482
27
2551
5510
7580
4115
7757
31
4463
7036
260
6800
1815
2216
6188
6858
4637
7618
7270
6728
5082
1914
6304
6685
2869
153
3369
7316
1137
2859
174
434
3179
7755
4514
2024
5564
7584
7643
5240
6449
1042
7475
7655
5726
2281
3395
5374
1554
5053
7228
1506
3684
4289
4464
4958
3609
7145
5012
4952
7775
123
175
7834
3833
2311
2932
4482
4882
293
7107
4197
4375
1065
4847
3914
7766
3924
5079
4502
1812
2365
6834
7002
1869
603
1807
4360
7739
3949
3375
6018
6745
112
4649
1501
4279
4993
979
853
7847
5185
6324
3856
6514
1563
2496
4616
4524
4513
5885
7429
4330
5441
4280
3902
4473
1040
4746
1836
658
5344
7842
1368
4367
3563
2635
4238
1544
2337
3075
2
4317
5007
2181
3300
7489
4332
7078
4424
1652
2718
483
7786
2895
2499
7770
2841
7282
5175
4765
3171
6753
4755
2065
1265
4268
2391
7498
1235
5820
691
3271
3054
3428
3581
5359
2063
1731
6295
7721
6934
1691
367
3163
7546
4278
3671
475
1766
5923
2218
920
4652
6255
4
4941
6757
6974
5609
6573
6302
5414
2914
6612
1449
868
1342
4130
3008
488
3307
4401
6463
2301
1761
2938
5358
931
6952
6518
7025
5471
4260
3622
730
2870
6813
3489
7478
5883
3151
5151
6766
5064
3868
6932
253
4031
5172
4870
3584
3952
2286
6811
5247
5980
1203
6742
1584
5800
5953
1707
5059
2383
1768
6798
1248
1975
2766
312
1388
7743
6409
4725
5990
4373
472
1193
154
469
2017
7158
610
1
4316
587
1416
7731
5522
3303
6770
1154
6700
4273
3295
1751
2342
4661
7762
7216
846
5646
4899
7723
3090
4215
5017
1792
6575
2482
6474
1891
7752
6778
7223
812
5972
2836
377
7383
5458
7132
6639
6608
5796
2196
7745
345
7495
62
242
4896
6321
3813
3906
5879
7848
3780
6111
1197
305
7816
2346
224
2919
1237
5756
4793
7331
6484
946
3414
6951
1586
6534
879
4394
4657
5898
1303
4800
5697
953
6938
822
2343
5526
2767
2985
4909
444
2110
1926
429
5784
7733
7302
3085
6472
6075
1241
4462
3444
6594
7110
7097
4322
5975
1576
6708
1070
7441
5449
928
6252
7617
7337
5854
4601
5901
5378
1928
3624
5018
1849
7351
1450
699
1151
5343
7853
3547
6478
3205
2698
1459
540
4813
1659
3473
1282
7840
3917
5939
3603
3605
4438
3593
7141
4379
4004
2125
7506
7156
1092
296
6502
1484
6907
4902
675
162
2806
3102
462
6990
3361
4863
5880
7535
7447
1646
1660
6098
3766
1858
3262
3202
2175
2728
1172
2647
4102
3245
2089
5835
6123
3093
97
4948
2198
6456
2610
681
4660
2245
5236
3955
5120
4667
3602
6890
6249
486
6682
4247
5117
1762
4696
3967
6140
1530
830
3818
1808
289
7045
3826
357
4837
805
3954
532
753
1867
5767
5663
778
2016
4512
6333
181
2911
4855
6962
6338
7520
702
4307
3708
4327
7084
4257
2082
7505
7787
2832
7839
6729
5346
799
961
7773
5614
6844
4346
2219
6626
6848
3346
4202
534
2543
1740
6105
6380
6130
7601
992
2174
4572
2834
499
7246
2265
3936
2631
7343
4736
1949
5001
4209
3318
1908
6368
2179
522
5231
4399
4295
3273
7191
2212
972
6964
5457
4897
3828
1142
6731
1006
988
6329
705
7067
6417
3894
938
6279
5752
6863
6479
4516
3150
3567
5673
7055
510
1522
620
7257
487
3353
4056
2839
6092
4092
6108
4740
982
5146
5303
208
963
6365
324
5985
2544
1734
401
2952
6544
3668
6880
6001
3454
3649
1721
6775
5135
4869
4103
4779
450
2712
1508
748
6309
3023
2715
1119
880
4792
3562
7194
4087
3801
4713
3012
7367
5308
7193
147
4036
2349
6678
6886
6574
1736
436
6980
7292
1577
6946
408
6634
505
255
2822
1547
2999
3903
7176
4382
1605
3077
1892
5220
396
2989
3025
6167
4738
4364
3585
2843
1004
1375
3024
6202
3804
6931
4434
4631
5056
4868
3631
3886
4427
4389
2471
6560
2035
431
3368
4776
4021
6942
5592
4658
7744
4737
3797
3695
218
99
7231
7119
4695
199
4782
1301
6064
1259
4672
6267
4093
5166
3104
7477
2873
6958
227
5839
4532
7632
5156
241
261
5114
1316
3208
2070
2476
3377
7726
2959
3070
3705
608
1671
1478
214
1354
1622
5577
3545
2703
6658
6724
2333
2338
4474
3213
4288
6716
7827
7595
7000
6713
1733
2973
323
4589
2967
2420
1993
6679
6467
1510
3947
1049
6673
7694
2745
4784
7583
2206
5452
1772
5669
6817
2189
1064
6616
6148
5226
5354
1780
6464
3064
571
7679
7631
3970
4277
3861
4686
4314
6201
3016
2304
5317
3782
5882
6563
1418
2578
3143
285
4190
5328
2882
5848
4192
468
4286
5171
3460
1581
5384
5574
5297
4405
6337
4404
6776
42
5644
4109
2928
6442
4773
6332
5741
164
3270
3771
7397
977
4545
6961
2097
818
4927
2307
6496
4719
3182
167
1962
5696
5282
3296
302
2379
1692
482
4757
5649
5138
5788
379
3345
6322
5964
3065
4626
5931
137
3591
1435
3056
4315
793
3568
3931
1486
5951
322
1304
3148
326
4458
1088
3866
6647
192
1856
4476
4141
4140
5986
1046
559
985
3457
5818
810
3987
3980
2214
1217
3608
7585
4734
41
6703
3331
2335
7359
2172
7210
1984
4983
4167
3376
1642
1819
601
7403
4261
7587
1569
6119
6557
618
7062
3032
6835
5903
5198
7646
3243
3559
1627
5727
7569
1243
3026
1718
3470
7056
2102
1277
3000
5386
5995
3579
3321
7518
2744
2437
6043
4111
2650
4520
4271
1457
3125
412
2326
6377
246
3227
5912
1166
3427
3618
3176
5546
1775
4162
6104
2075
1149
3587
5679
5568
7020
1195
6168
4480
2113
1253
4608
5195
1713
1886
4724
1598
6313
6219
3502
1974
3553
1524
7471
5312
5689
265
1191
1178
2137
2444
2607
7692
4829
6538
3183
1132
3136
114
6200
4368
7611
4539
3043
1905
5563
2867
4560
3697
1085
453
1164
2116
3040
1512
1081
857
7622
5518
3867
2426
3493
7144
2246
7307
4016
1250
7377
7730
6500
2054
356
600
1246
6916
4054
5326
6970
2603
2142
7519
2920
3105
3030
7789
3347
4986
6997
5413
6512
2979
5913
1906
6508
6248
6003
5934
4743
4854
7017
4325
3829
4374
766
5610
3120
428
2118
5225
4936
14
6561
6094
3964
7614
4132
2530
5716
960
3071
3724
6783
7255
4666
6287
6388
7030
2685
1970
7408
5349
2774
1742
916
4495
3810
3141
4377
2593
3912
973
7136
6735
5067
5735
4104
463
6261
1385
5421
769
3272
3439
5922
1588
4211
3013
24
4161
2644
2583
6455
5155
3424
105
1340
5291
439
7100
6581
4754
5245
2173
2026
1650
918
1859
1284
4350
4124
7402
1355
6503
6610
966
3781
4207
3521
3613
6331
6269
806
5215
134
7079
579
7219
1062
3265
7628
1314
5958
3552
5227
624
5376
2779
5859
372
304
690
7559
88
723
6440
1779
6487
1360
152
585
2625
5057
5214
6498
828
781
6823
5746
663
3001
5624
6141
5982
7376
262
6894
3862
2586
2119
4926
4113
4576
1778
2373
5997
3863
5622
1863
1183
2912
247
4937
4561
576
7106
7857
1525
3316
655
7568
3474
6758
2943
1180
3994
2473
637
791
1171
79
1300
5027
6328
7064
1296
7591
2441
7633
1373
6847
2605
2010
3430
5566
4226
962
3177
4339
1346
4620
2559
5570
489
2900
4010
633
4726
6635
4225
7229
7117
288
4233
2802
7327
4772
3746
6883
2037
4467
3196
6683
1888
4681
6254
775
65
5179
7619
3672
588
1254
3314
6414
2582
2960
4450
3156
515
856
5287
7301
577
4885
3556
1181
5023
5973
130
495
5759
6788
427
1516
1955
7277
1767
4018
3192
5368
399
6845
2687
3580
2659
7751
2199
6151
4321
2425
1405
1947
3999
7540
5462
5382
3188
3895
4940
2739
7439
7451
2059
3095
3703
6842
6578
5437
3145
1376
7423
5196
3305
3187
1887
5080
733
5587
907
5424
7769
6040
6607
69
3651
4999
876
1341
2268
5235
4465
6656
1922
3127
4137
1247
2971
6611
7784
5625
1002
2058
5945
5628
7724
2260
7322
7458
6435
694
5728
7140
7683
2318
3108
3041
750
398
4769
2233
7179
5504
4214
2253
5897
284
390
231
1100
3452
1047
3329
4978
727
1414
7549
6325
4486
2614
6606
6357
3110
3007
7654
3557
479
1353
4584
1818
1769
2778
878
3851
7042
5699
7738
5547
6927
6896
7206
4865
7517
5642
1921
4558
4796
1393
32
4825
6908
4239
521
2020
2350
3417
243
6979
5816
7310
6697
6714
1022
7348
6162
5061
5160
7387
7134
558
6621
6850
3857
2163
4834
1386
1979
2976
140
2825
4609
3242
6791
2382
3884
2438
7296
704
1551
5201
1039
7234
2757
2408
3702
1701
7516
2865
96
1894
3616
5949
1846
2344
7599
1545
1644
5905
6
4523
4674
7796
4799
4395
4484
7810
1829
4418
2470
2528
7449
5187
5101
4544
598
5711
4065
7065
5183
3533
1485
1337
4176
4390
718
6520
4950
4411
6311
2076
418
3173
4158
3492
7083
6155
4760
268
3968
2749
1263
2970
6868
3059
5133
5560
4596
7300
4448
6412
2424
7022
1704
3359
5584
7691
786
3482
3691
406
5517
2773
6100
5586
6223
3513
1981
5388
6002
2591
3111
248
904
1174
1110
6405
1206
5335
6939
5290
5850
7432
2680
885
40
5687
3356
556
4710
376
5011
2624
1434
1918
5962
4433
1074
6549
2564
7121
1123
1295
3879
668
402
3467
2738
1306
1790
7442
4391
6391
4827
7822
3656
1043
4281
7116
5037
2856
998
4067
701
7043
7760
2750
2457
6548
7274
3548
6259
3332
908
6867
6993
3074
6437
3645
5677
5598
1603
3978
5667
1702
126
1980
1801
1673
4496
1335
3220
3050
926
6663
3842
6665
2461
2449
4491
3180
3499
6199
3267
7004
1682
6138
1073
2881
4881
5479
2251
7596
1604
5190
619
3688
6807
2628
3629
4969
6387
7470
1880
7656
7353
4820
5583
1140
1900
53
1899
5279
5529
1623
7849
320
582
452
1190
4204
4085
5097
2568
5267
2447
4564
4605
7567
5942
4472
3772
5477
2096
4838
3943
7695
914
7335
5969
2529
1159
4931
5249
6945
4569
3635
5701
7163
6121
696
1844
7598
1566
865
184
5815
838
4366
3038
6035
5402
6632
2083
2717
2667
4002
5163
5274
4630
2156
4088
1865
6625
2724
6698
481
6278
2638
6624
4583
5507
7184
6657
1420
421
3232
7681
233
913
4119
131
2084
3821
6193
5073
5907
996
7010
2673
2497
1579
7088
5919
4195
3769
6262
3953
4807
4163
5862
7388
1313
4556
6178
6360
7448
849
7740
7123
1470
5533
176
478
6864
5202
5867
5650
3597
4139
2039
7074
1370
6982
745
683
6667
3488
6676
1693
6889
3860
2495
6056
4152
91
279
2455
2371
7503
4201
3843
7799
4453
4808
115
4011
491
7845
1852
964
6913
1336
901
4383
1148
7273
4220
834
1813
1215
7015
3269
6505
3700
3282
3021
7037
4723
5460
244
6564
4236
5281
4020
3957
4839
647
4777
4877
4549
125
6591
4304
1992
6966
3432
217
7371
2716
2658
6784
7369
318
4670
2723
1226
3827
6712
4008
3225
6725
5654
523
1050
2777
5194
7696
1452
2034
6940
2314
3569
5339
7291
3175
3791
2354
7016
2995
4592
6459
7081
4396
1044
3859
7824
1527
7532
2086
7512
7808
7399
7832
6796
4230
1102
3719
5525
933
6492
5020
6454
3768
4915
3512
7059
6423
7539
1495
2456
2609
1213
2028
2250
1613
2714
3944
4998
4632
3088
1515
5013
7285
4408
1408
6169
909
7251
1909
3501
5087
6828
1146
6654
7538
999
2141
2445
1948
6290
6473
2306
7704
150
145
5178
2988
4636
4930
5543
4309
354
4618
7826
7003
3876
6476
5237
2276
5572
3962
2884
7314
1480
6619
4850
3979
7607
5446
7085
5062
2171
887
1565
7508
7581
44
3139
2823
6139
641
1729
1312
2101
4361
223
980
518
4506
7238
6275
5043
1786
3380
1966
2556
5717
6320
5703
1703
7527
7113
1834
4274
4235
1219
4426
6892
7170
3817
5805
7504
5611
1010
4027
4883
3961
5634
1883
835
5714
4353
1958
7528
7386
2612
4700
2589
3298
460
4613
3669
373
3661
6207
3449
4258
7804
6305
1048
6384
7363
2487
1207
7349
5928
7436
1003
4091
7182
1280
6843
4642
1266
3443
2468
200
6915
2737
5266
1466
1055
4766
204
7605
784
1929
1560
3685
657
1063
4187
5470
7224
3729
4120
4842
5096
4097
1663
2562
1005
7781
317
5830
5706
1334
911
3586
4253
3986
5182
59
6443
4022
3614
1201
274
2888
4778
2363
3249
1160
4728
3039
3195
6371
2122
5508
1144
5089
7678
5136
7626
397
3633
141
7526
2600
3960
266
2485
2770
6407
2699
3397
4519
2329
3289
4245
6095
1528
6192
1640
1882
7645
1607
7600
5232
3382
4297
7513
1031
1307
3573
2100
4409
541
3080
1562
6879
2327
5410
2092
2565
1274
2060
6453
2131
4662
5039
2001
3403
7780
7621
4494
7563
5451
1126
451
330
4907
594
6898
2145
7488
4001
4653
4254
4517
1800
4925
6227
1330
6253
4487
5293
1803
1664
3776
1912
254
4500
3047
5286
5334
1302
4114
2002
4407
5932
1988
6032
3004
561
6837
2722
6282
2436
4179
4711
3677
6204
6025
1099
4165
6482
7525
2069
6704
1297
7844
3607
3114
7086
1999
6406
143
819
5158
3630
4099
1763
539
6011
4611
3710
1077
2356
1329
644
528
2588
1571
3732
3320
166
1511
1765
7395
6209
4134
75
1651
831
2284
2957
2132
26
5837
2781
5371
6615
852
6540
5167
1279
1041
4750
3
6088
1638
4040
2801
74
2451
441
6096
6438
4047
5596
4083
1897
3822
4283
119
7108
3462
4851
5401
5070
6314
1058
1113
7385
7213
4673
3236
2019
5670
3606
5306
7719
5213
5129
3925
2474
3893
7212
2418
7053
840
6125
760
4859
554
1487
1438
6135
7253
6677
347
6493
4168
5010
6609
2012
7261
986
6519
646
1025
1850
2536
1331
1683
58
455
5438
19
3140
6924
5365
6689
2657
6571
6441
1572
4030
2136
3323
1720
1309
2129
3483
5929
1832
7049
4853
7536
5143
2094
5443
1872
958
6819
7625
5063
70
3251
4372
3599
7419
6829
7250
2523
1372
168
3926
1080
5769
2393
2242
4942
6874
725
3923
586
1533
447
7562
1632
6110
987
2331
1409
4676
4498
4328
5554
4701
4241
4920
2241
2641
3407
419
6777
1670
2472
3387
989
5159
6568
6763
6230
5115
6212
891
5678
2540
734
6782
899
3117
7092
2927
893
2190
1608
220
437
7706
4182
2018
3281
1220
6937
929
6264
643
5396
5605
7128
894
4251
1440
5444
5377
5125
2646
921
1927
6929
4597
1322
5126
634
2115
6739
6963
6515
5748
6245
5780
2652
5549
5472
1097
6296
1310
5351
3519
7410
1739
6851
4369
4639
895
6801
2623
4629
1873
1276
6905
1161
4175
4647
4643
2197
369
792
2374
3696
6271
6276
7330
6349
2464
